44.2819
44.2819
44.2819
44.2819
44.2819
44.2819
44.2819
42.7458
42.4051
42.0576
41.7485
41.7327
41.6069
41.5142
41.4669
41.4493
41.3868
41.3084
41.3009
41.2298
41.2023
41.1417
41.1159
41.0745
41.089
41.0144
41.0394
40.9412
40.912
40.9037
40.8895
41.0163
40.9352
40.8845
40.8523
40.8553
40.8434
40.8042
40.7864
40.7675
40.7893
40.7878
40.7374
40.7345
40.7104
40.6867
40.6955
40.688
40.6609
40.6294
40.58
40.5694
40.6114
40.6012
40.5694
40.518
40.5373
40.542
40.5234
40.5006
40.5245
40.4785
40.4359
40.4304
40.4206
