44.2819
44.2819
44.2819
44.2819
44.2819
44.2819
44.2819
42.8102
42.5213
41.9947
41.7839
41.9528
41.6261
41.5354
41.3964
41.1969
40.9597
40.7743
40.6952
40.6326
40.6057
40.5774
40.5627
40.5186
40.5183
40.4844
40.528
40.4085
40.3739
40.3273
40.3524
40.3679
40.2626
40.2332
40.2092
40.1906
40.1714
40.1074
40.0804
39.9891
39.9831
39.958
39.8905
39.92
39.8506
39.7481
39.7163
39.695
39.6436
39.6107
39.5839
39.5382
39.5106
39.5179
39.4815
39.3968
39.3363
39.355
39.348
39.2208
39.2078
39.2267
39.1611
39.0774
39.0468
39.0098
39.0204
38.9205
38.958
38.8797
38.8359
38.7875
38.7264
38.9256
38.9378
38.5763
38.5266
38.4612
38.547
39.021
38.3158
38.3164
38.371
38.3168
38.2063
38.302
38.1016
38.0936
38.0456
38.1682
38.0071
37.9916
37.9694
37.9316
37.9068
38.0571
38.2387
37.9442
37.8982
38.0955
