44.2819
44.2819
44.2819
44.2819
44.2819
44.2819
44.2819
43.7035
42.6679
42.2767
41.9624
41.7839
41.6847
41.4852
41.349
41.1898
41.0409
41.0094
40.9232
40.8678
40.7927
40.7175
40.6987
40.6423
40.6598
40.5528
40.5689
40.5225
40.5005
40.5069
40.4499
40.4689
40.3873
40.4121
40.3485
40.3703
40.3124
40.2861
40.296
40.2602
40.304
40.1769
40.1573
40.1509
40.1749
40.0929
40.0515
40.023
39.9777
39.9527
39.9719
40.0762
39.8703
39.8398
39.8233
39.8243
39.8472
39.7407
39.7196
39.7051
39.6666
39.6451
39.6763
39.6069
39.5873
39.5641
39.6277
39.5124
39.662
39.4575
39.4878
39.4518
39.438
39.4502
39.3753
39.2689
39.3327
39.2443
39.1666
39.1453
39.1107
39.1178
39.1643
